1 7010101
2 7010106
3 7010107
4 7010108
5 7020001
6 7020002
7 7020003
8 7020004
9 7020005
10 7020006
11 7020008
12 7100001
13 9010002
14 9010003
15 9010004
16 9010005
17 9010006
18 9010007
19 9010008
20 9020101
21 9020102
22 9020103
23 9020104
24 9020105
25 9020106
26 9020107
27 9020108
28 9020109
29 9020201
30 9020202
31 9020203
32 9020204
33 9020205
34 9020301
35 9020302
36 9020303
37 9020304
38 9020305
39 9020306
40 9020307
41 9020308
42 9020309
43 9020310
44 9020311
45 9020312
46 9020314
47 9020315
48 9020316
49 9030007
50 9030008
51 9030009
52 9030011
53 9040001
54 9040002
55 10020001
56 10020002
57 10020003
58 10020004
59 10020005
60 10020006
61 10020007
62 10020008
63 10030101
64 10030102
65 10030103
66 10030104
67 10030105
68 10030201
69 10030202
70 10030203
71 10030204
72 10030205
73 10040101
74 10040102
75 10040103
76 10040104
77 10040105
78 10040106
79 10040201
80 10040202
81 10040203
82 10040204
83 10040205
84 10050001
85 10050002
86 10050003
87 10050004
88 10050005
89 10050006
90 10050007
91 10050008
92 10050009
93 10050010
94 10050011
95 10050012
96 10050013
97 10050014
98 10050015
99 10050016
100 10060001
101 10060002
102 10060003
103 10060004
104 10060005
105 10060006
106 10060007
107 10070001
108 10070002
109 10070003
110 10070004
111 10070005
112 10070006
113 10070007
114 10070008
115 10080001
116 10080002
117 10080003
118 10080004
119 10080005
120 10080006
121 10080007
122 10080008
123 10080009
124 10080010
125 10080011
126 10080012
127 10080013
128 10080014
129 10080015
130 10080016
131 10090101
132 10090102
133 10090201
134 10090202
135 10090203
136 10090204
137 10090205
138 10090206
139 10090207
140 10090208
141 10090209
142 10090210
143 10100001
144 10100002
145 10100003
146 10100004
147 10100005
148 10110101
149 10110102
150 10110201
151 10110202
152 10110203
153 10110204
154 10110205
155 10120101
156 10120102
157 10120103
158 10120104
159 10120105
160 10120106
161 10120107
162 10120108
163 10120109
164 10120110
165 10120111
166 10120112
167 10120113
168 10120201
169 10120202
170 10120203
171 10130101
172 10130102
173 10130103
174 10130104
175 10130105
176 10130106
177 10130201
178 10130202
179 10130203
180 10130204
181 10130205
182 10130206
183 10130301
184 10130302
185 10130303
186 10130304
187 10130305
188 10130306
189 10140101
190 10140102
191 10140103
192 10140104
193 10140105
194 10140201
195 10140202
196 10140203
197 10140204
198 10150001
199 10150002
200 10150003
201 10150004
202 10150005
203 10150006
204 10150007
205 10160001
206 10160002
207 10160003
208 10160004
209 10160005
210 10160006
211 10160007
212 10160008
213 10160009
214 10160011
215 10170101
216 10170102
217 10170103
218 10170201
219 10170202
220 10170203
221 10170204
222 10180001
223 10180002
224 10180003
225 10180004
226 10180005
227 10180006
228 10180007
229 10180008
230 10180009
231 10180010
232 10180011
233 10180012
234 10180013
235 10180014
236 10190001
237 10190002
238 10190003
239 10190004
240 10190005
241 10190006
242 10190007
243 10190008
244 10190009
245 10190010
246 10190011
247 10190012
248 10190013
249 10190014
250 10190015
251 10190016
252 10190017
253 10190018
254 10200101
255 10200102
256 10200103
257 10200201
258 10200202
259 10200203
260 10210001
261 10210002
262 10210003
263 10210004
264 10210005
265 10210006
266 10210007
267 10210008
268 10210009
269 10210010
270 10220001
271 10220002
272 10220003
273 10220004
274 10230001
275 10230002
276 10250001
277 10250002
278 10250003
279 10250004
280 10250005
281 10250006
282 10250007
283 10250008
284 10250009
285 10250010
286 10250011
287 10250012
288 10250013
289 10250014
290 10250015
291 10250016
292 10250017
293 10260001
294 10260002
295 10260003
296 10260004
297 10260005
298 10260006
299 10260007
300 10260008
301 10260009
302 10260010
303 10260011
304 10260012
305 10260013
306 10260014
307 10260015
308 10270201
309 10270202
310 10270203
311 10270204
312 10270206
313 10270207
314 11020001
315 11020002
316 11020003
317 11020004
318 11020005
319 11020006
320 11020007
321 11020008
322 11020009
323 11020010
324 11020011
325 11020012
326 11020013
327 11030001
328 11030002
329 11030003
330 11030004
331 11030005
332 11030006
333 11030007
334 11030008
335 11030009
336 11030010
337 11030011
338 11030012
339 11030013
340 11030014
341 11030015
342 11030016
343 11040001
344 11040002
345 11040003
346 11040004
347 11040005
348 11040006
349 11040007
350 11040008
351 11050001
352 11050002
353 11060002
354 11060003
355 11060004
356 11060005
357 11080001
358 11080002
359 11080003
360 11080004
361 11080005
362 11080006
363 11080007
364 11080008
365 11090101
366 11090102
367 11090103
368 11090104
369 11090105
370 11090106
371 11090201
372 11090202
373 11100101
374 11100102
375 11100103
376 11100104
377 11100201
378 11100202
379 11100203
380 11100301
381 11120101
382 11120102
383 11120103
384 11120104
385 11120105
386 11120201
387 11120202
388 11120301
389 11120302
390 11120303
391 11120304
392 11130101
393 11130102
394 11130103
395 11130104
396 11130105
397 11130202
398 11130203
399 11130204
400 11130205
401 11130206
402 11130207
403 11130208
404 11130209
405 11130301
406 11130302
407 12030101
408 12050001
409 12050002
410 12050003
411 12050004
412 12050005
413 12050006
414 12050007
415 12060101
416 12060102
417 12060103
418 12060104
419 12060105
420 12060201
421 12070201
422 12080001
423 12080002
424 12080003
425 12080004
426 12080005
427 12080006
428 12080007
429 12080008
430 12090101
431 12090102
432 12090103
433 12090104
434 12090105
435 12090106
436 12090107
437 12090108
438 12090109
439 12090110
440 12090202
441 12090203
442 12090204
443 12090206
444 12100201
445 12100302
446 12110101
447 12110102
448 12110103
449 12110104
450 12110106
451 12110107
452 13010001
453 13010002
454 13010003
455 13010004
456 13010005
457 13020101
458 13020102
459 13020201
460 13020202
461 13020203
462 13020204
463 13020205
464 13020206
465 13020207
466 13020208
467 13020209
468 13020210
469 13020211
470 13030101
471 13030102
472 13030103
473 13030201
474 13030202
475 13040100
476 13040201
477 13040202
478 13040203
479 13040204
480 13040205
481 13040206
482 13040207
483 13040208
484 13040209
485 13040210
486 13040211
487 13040212
488 13040301
489 13040302
490 13040303
491 13050001
492 13050002
493 13050003
494 13050004
495 13060001
496 13060002
497 13060003
498 13060004
499 13060005
500 13060006
501 13060007
502 13060008
503 13060009
504 13060010
505 13060011
506 13070001
507 13070002
508 13070003
509 13070004
510 13070005
511 13070006
512 13070007
513 13070008
514 13070009
515 13070010
516 13070011
517 13070012
518 13080001
519 14010001
520 14010002
521 14010003
522 14010004
523 14010005
524 14020001
525 14020002
526 14020003
527 14020004
528 14020005
529 14020006
530 14030001
531 14030002
532 14030003
533 14030004
534 14030005
535 14040101
536 14040102
537 14040103
538 14040104
539 14040105
540 14040106
541 14040107
542 14040108
543 14040109
544 14040200
545 14050001
546 14050002
547 14050003
548 14050004
549 14050005
550 14050006
551 14050007
552 14060003
553 14060004
554 14060005
555 14060006
556 14060007
557 14060008
558 14060009
559 14060010
560 14070001
561 14070002
562 14070003
563 14070004
564 14070005
565 14070006
566 14070007
567 14080101
568 14080102
569 14080103
570 14080104
571 14080105
572 14080106
573 14080107
574 14080201
575 14080202
576 14080203
577 14080204
578 14080205
579 15010001
580 15010002
581 15010003
582 15010004
583 15010005
584 15010006
585 15010007
586 15010008
587 15010009
588 15010010
589 15010011
590 15010012
591 15010013
592 15010014
593 15010015
594 15020001
595 15020002
596 15020003
597 15020004
598 15020005
599 15020006
600 15020007
601 15020008
602 15020009
603 15020010
604 15020011
605 15020012
606 15020013
607 15020014
608 15020015
609 15020016
610 15020017
611 15020018
612 15030101
613 15030102
614 15030103
615 15030104
616 15030105
617 15030106
618 15030107
619 15030108
620 15030201
621 15030202
622 15030203
623 15030204
624 15040001
625 15040002
626 15040003
627 15040004
628 15040005
629 15040006
630 15040007
631 15050100
632 15050201
633 15050202
634 15050203
635 15050301
636 15050302
637 15050303
638 15050304
639 15050305
640 15050306
641 15060101
642 15060102
643 15060103
644 15060104
645 15060105
646 15060106
647 15060201
648 15060202
649 15060203
650 15070101
651 15070102
652 15070103
653 15070104
654 15070201
655 15070202
656 15070203
657 15080101
658 15080102
659 15080103
660 15080200
661 15080301
662 15080302
663 15080303
664 16010101
665 16010102
666 16010201
667 16010202
668 16010203
669 16010204
670 16020101
671 16020102
672 16020201
673 16020202
674 16020203
675 16020204
676 16020301
677 16020302
678 16020303
679 16020304
680 16020305
681 16020306
682 16020307
683 16020308
684 16020309
685 16020310
686 16030001
687 16030002
688 16030003
689 16030004
690 16030005
691 16030006
692 16030007
693 16030008
694 16030009
695 16040101
696 16040102
697 16040103
698 16040104
699 16040105
700 16040106
701 16040107
702 16040108
703 16040109
704 16040201
705 16040202
706 16040203
707 16040204
708 16040205
709 16050101
710 16050102
711 16050103
712 16050104
713 16050201
714 16050202
715 16050203
716 16050301
717 16050302
718 16050303
719 16050304
720 16060001
721 16060002
722 16060003
723 16060004
724 16060005
725 16060006
726 16060007
727 16060008
728 16060009
729 16060010
730 16060011
731 16060012
732 16060013
733 16060014
734 16060015
735 17010101
736 17010102
737 17010103
738 17010104
739 17010105
740 17010106
741 17010201
742 17010202
743 17010203
744 17010204
745 17010205
746 17010206
747 17010207
748 17010208
749 17010209
750 17010210
751 17010211
752 17010212
753 17010213
754 17010214
755 17010215
756 17010216
757 17010301
758 17010302
759 17010303
760 17010304
761 17010305
762 17010306
763 17010307
764 17010308
765 17020001
766 17020002
767 17020003
768 17020004
769 17020005
770 17020006
771 17020007
772 17020008
773 17020009
774 17020010
775 17020011
776 17020012
777 17020013
778 17020014
779 17020015
780 17020016
781 17030001
782 17030002
783 17030003
784 17040101
785 17040102
786 17040103
787 17040104
788 17040105
789 17040201
790 17040202
791 17040203
792 17040204
793 17040205
794 17040206
795 17040207
796 17040208
797 17040209
798 17040210
799 17040211
800 17040212
801 17040213
802 17040214
803 17040215
804 17040216
805 17040217
806 17040218
807 17040219
808 17040220
809 17040221
810 17050101
811 17050102
812 17050103
813 17050104
814 17050105
815 17050106
816 17050107
817 17050108
818 17050109
819 17050110
820 17050111
821 17050112
822 17050113
823 17050114
824 17050115
825 17050116
826 17050117
827 17050118
828 17050119
829 17050120
830 17050121
831 17050122
832 17050123
833 17050124
834 17050201
835 17050202
836 17050203
837 17060101
838 17060102
839 17060103
840 17060104
841 17060105
842 17060106
843 17060107
844 17060108
845 17060109
846 17060110
847 17060201
848 17060202
849 17060203
850 17060204
851 17060205
852 17060206
853 17060207
854 17060208
855 17060209
856 17060210
857 17060301
858 17060302
859 17060303
860 17060304
861 17060305
862 17060306
863 17060307
864 17060308
865 17070101
866 17070102
867 17070103
868 17070104
869 17070105
870 17070106
871 17070201
872 17070202
873 17070203
874 17070204
875 17070301
876 17070302
877 17070303
878 17070304
879 17070305
880 17070306
881 17070307
882 17080001
883 17080002
884 17080003
885 17080004
886 17080005
887 17080006
888 17090001
889 17090002
890 17090003
891 17090004
892 17090005
893 17090006
894 17090007
895 17090008
896 17090009
897 17090010
898 17090011
899 17090012
900 17100101
901 17100102
902 17100103
903 17100104
904 17100105
905 17100106
906 17100201
907 17100202
908 17100203
909 17100204
910 17100205
911 17100206
912 17100207
913 17100301
914 17100302
915 17100303
916 17100304
917 17100305
918 17100306
919 17100307
920 17100308
921 17100309
922 17100310
923 17100311
924 17100312
925 17110001
926 17110002
927 17110003
928 17110004
929 17110005
930 17110006
931 17110007
932 17110008
933 17110009
934 17110010
935 17110011
936 17110012
937 17110013
938 17110014
939 17110015
940 17110016
941 17110017
942 17110018
943 17110019
944 17110020
945 17110021
946 17120001
947 17120002
948 17120003
949 17120004
950 17120005
951 17120006
952 17120007
953 17120008
954 17120009
955 18010101
956 18010102
957 18010103
958 18010104
959 18010105
960 18010106
961 18010107
962 18010108
963 18010109
964 18010110
965 18010201
966 18010202
967 18010203
968 18010204
969 18010205
970 18010206
971 18010207
972 18010208
973 18010209
974 18010210
975 18010211
976 18010212
977 18020001
978 18020002
979 18020003
980 18020004
981 18020005
982 18020104
983 18020111
984 18020115
985 18020116
986 18020121
987 18020122
988 18020123
989 18020125
990 18020126
991 18020128
992 18020129
993 18020151
994 18020152
995 18020153
996 18020154
997 18020155
998 18020156
999 18020157
1000 18020158
1001 18020159
1002 18020161
1003 18020162
1004 18020163
1005 18030001
1006 18030002
1007 18030003
1008 18030004
1009 18030005
1010 18030006
1011 18030007
1012 18030009
1013 18030010
1014 18030012
1015 18040001
1016 18040002
1017 18040003
1018 18040006
1019 18040007
1020 18040008
1021 18040009
1022 18040010
1023 18040011
1024 18040012
1025 18040013
1026 18040014
1027 18040051
1028 18050001
1029 18050002
1030 18050003
1031 18050004
1032 18050005
1033 18050006
1034 18060002
1035 18060003
1036 18060004
1037 18060005
1038 18060006
1039 18060007
1040 18060008
1041 18060009
1042 18060010
1043 18060013
1044 18060014
1045 18060015
1046 18070101
1047 18070102
1048 18070103
1049 18070104
1050 18070105
1051 18070106
1052 18070107
1053 18070201
1054 18070202
1055 18070203
1056 18070204
1057 18070301
1058 18070302
1059 18070303
1060 18070304
1061 18070305
1062 18080001
1063 18080002
1064 18080003
1065 18090101
1066 18090102
1067 18090103
1068 18090201
1069 18090202
1070 18090203
1071 18090204
1072 18090205
1073 18090206
1074 18090207
1075 18090208
1076 18100100
1077 18100201
1078 18100202
1079 18100203
1080 18100204
